Unnamed: 0,date,cases,deaths,daily_cases,daily_deaths,ratio_dth_case
35353,2021-09-24,4031717,63656,13855.0,403.0,0.029086972212197762
35354,2021-09-25,4044157,63934,12440.0,278.0,0.02234726688102894
35355,2021-09-26,4049421,64074,5264.0,140.0,0.026595744680851064
35356,2021-09-27,4055335,64192,5914.0,118.0,0.019952654717619207
35357,2021-09-28,4070550,64456,15215.0,264.0,0.017351298061123892
35358,2021-09-29,4083230,64851,12680.0,395.0,0.031151419558359622
35359,2021-09-30,4094242,65203,11012.0,352.0,0.03196512895023611
35360,2021-10-01,4105155,65529,10913.0,326.0,0.02987262897461743
35361,2021-10-02,4113045,65785,7890.0,256.0,0.03244613434727503
35362,2021-10-03,4115929,65914,2884.0,129.0,0.04472954230235784
35363,2021-10-04,4118909,66044,2980.0,130.0,0.0436241610738255
35364,2021-10-05,4129159,66318,10250.0,274.0,0.02673170731707317
35365,2021-10-06,4142571,66681,13412.0,363.0,0.027065314643602744
35366,2021-10-07,4151459,66933,8888.0,252.0,0.028352835283528353
35367,2021-10-08,4160434,66983,8975.0,50.0,0.005571030640668524
35368,2021-10-09,4166366,66986,5932.0,3.0,0.0005057316250842886
35369,2021-10-10,4168155,66988,1789.0,2.0,0.0011179429849077697
35370,2021-10-11,4170825,67044,2670.0,56.0,0.020973782771535582
35371,2021-10-12,4180691,67062,9866.0,18.0,0.0018244475978106628
35372,2021-10-13,4190272,68245,9581.0,1183.0,0.12347354138398914
35373,2021-10-14,4196622,68467,6350.0,222.0,0.03496062992125984
35374,2021-10-15,4203461,68723,6839.0,256.0,0.037432373153969876
35375,2021-10-16,4209351,68935,5890.0,212.0,0.03599320882852292
35376,2021-10-17,4210057,69034,706.0,99.0,0.14022662889518414
35377,2021-10-18,4212332,69103,2275.0,69.0,0.03032967032967033
35378,2021-10-19,4219598,69304,7266.0,201.0,0.027663088356729974
35379,2021-10-20,4225458,69565,5860.0,261.0,0.04453924914675768
35380,2021-10-21,4230145,69795,4687.0,230.0,0.04907190100277363
35381,2021-10-22,4235629,70025,5484.0,230.0,0.041940189642596645
35382,2021-10-23,4239851,70202,4222.0,177.0,0.041923259118901
35383,2021-10-24,4241461,70263,1610.0,61.0,0.037888198757763975
35384,2021-10-25,4243351,70335,1890.0,72.0,0.0380952380952381
35385,2021-10-26,4249627,70486,6276.0,151.0,0.024059910771191843
35386,2021-10-27,4254582,70718,4955.0,232.0,0.04682139253279516
35387,2021-10-28,4259148,70886,4566.0,168.0,0.03679369250985545
35388,2021-10-29,4264553,71075,5405.0,189.0,0.03496762257169288
35389,2021-10-30,4268892,71139,4339.0,64.0,0.014749942383037565
35390,2021-10-31,4269621,71193,729.0,54.0,0.07407407407407407
35391,2021-11-01,4270837,71262,1216.0,69.0,0.05674342105263158
35392,2021-11-02,4275743,71380,4906.0,118.0,0.02405218100285365
35393,2021-11-03,4280588,71537,4845.0,157.0,0.03240454076367389
35394,2021-11-04,4283934,71666,3346.0,129.0,0.03855349671249253
35395,2021-11-05,4287456,71802,3522.0,136.0,0.03861442362294151
35396,2021-11-06,4290453,71914,2997.0,112.0,0.0373707040373707
35397,2021-11-07,4291659,71957,1206.0,43.0,0.03565505804311774
35398,2021-11-08,4293259,72009,1600.0,52.0,0.0325
35399,2021-11-09,4298123,72111,4864.0,102.0,0.020970394736842105
35400,2021-11-10,4302590,72130,4467.0,19.0,0.004253413924334005
35401,2021-11-11,4306504,72417,3914.0,287.0,0.07332652018395504
35402,2021-11-12,4309462,72687,2958.0,270.0,0.09127789046653144
35403,2021-11-13,4313394,72760,3932.0,73.0,0.018565615462868768
35404,2021-11-14,4314008,72789,614.0,29.0,0.04723127035830619
35405,2021-11-15,4315392,72838,1384.0,49.0,0.03540462427745665
35406,2021-11-16,4319752,72909,4360.0,71.0,0.01628440366972477
35407,2021-11-17,4324674,73038,4922.0,129.0,0.026208858187728567
35408,2021-11-18,4329462,73176,4788.0,138.0,0.02882205513784461
35409,2021-11-19,4333932,73276,4470.0,100.0,0.02237136465324385
35410,2021-11-20,4336683,73351,2751.0,75.0,0.027262813522355506
35411,2021-11-21,4337690,73378,1007.0,27.0,0.026812313803376366
35412,2021-11-22,4339696,73424,2006.0,46.0,0.022931206380857428
35413,2021-11-23,4343363,73518,3667.0,94.0,0.025634033269702754
35414,2021-11-24,4347776,73605,4413.0,87.0,0.01971447994561523
35415,2021-11-25,4352335,73605,4559.0,0.0,0.0
35416,2021-11-26,4352989,73605,654.0,0.0,0.0
35417,2021-11-27,4353549,73605,560.0,0.0,0.0
35418,2021-11-28,4353909,73605,360.0,0.0,0.0
35419,2021-11-29,4357031,73754,3122.0,149.0,0.04772581678411275
35420,2021-11-30,4363472,73828,6441.0,74.0,0.011488899239248564
35421,2021-12-01,4367092,73928,3620.0,100.0,0.027624309392265192
35422,2021-12-02,4372161,74033,5069.0,105.0,0.020714144801736042
35423,2021-12-03,4376851,74107,4690.0,74.0,0.01577825159914712
35424,2021-12-04,4384997,74169,8146.0,62.0,0.007611097471151486
35425,2021-12-05,4390228,74198,5231.0,29.0,0.005543873064423628
35426,2021-12-06,4394102,74217,3874.0,19.0,0.00490449148167269
35427,2021-12-07,4399057,74278,4955.0,61.0,0.01231079717457114
35428,2021-12-08,4402906,74370,3849.0,92.0,0.02390231228890621
35429,2021-12-09,4407007,74452,4101.0,82.0,0.01999512314069739
35430,2021-12-10,4412024,74555,5017.0,103.0,0.020530197329081123
35431,2021-12-11,4416728,74578,4704.0,23.0,0.004889455782312925
35432,2021-12-12,4419318,74607,2590.0,29.0,0.011196911196911196
35433,2021-12-13,4423555,74632,4237.0,25.0,0.0059004012272834555
35434,2021-12-14,4428196,74707,4641.0,75.0,0.01616031027795734
35435,2021-12-15,4433142,74796,4946.0,89.0,0.017994338859684593
35436,2021-12-16,4438877,74897,5735.0,101.0,0.01761115954664342
35437,2021-12-17,4444868,74992,5991.0,95.0,0.01585711901185111
35438,2021-12-18,4452931,75056,8063.0,64.0,0.007937492248542725
35439,2021-12-19,4460356,75077,7425.0,21.0,0.0028282828282828283
35440,2021-12-20,4470968,75099,10612.0,22.0,0.0020731247644176403
35441,2021-12-21,4481333,75156,10365.0,57.0,0.005499276410998553
35442,2021-12-22,4491454,75238,10121.0,82.0,0.008101966208872642
35443,2021-12-23,4503930,75322,12476.0,84.0,0.006732927220262905
35444,2021-12-24,4517701,75322,13771.0,0.0,0.0
35445,2021-12-25,4533037,75322,15336.0,0.0,0.0
35446,2021-12-26,4545596,75322,12559.0,0.0,0.0
35447,2021-12-27,4562927,75485,17331.0,163.0,0.009405112226645895
35448,2021-12-28,4577722,75561,14795.0,76.0,0.005136870564379858
35449,2021-12-29,4592008,75639,14286.0,78.0,0.005459890802183957
35450,2021-12-30,4607608,75744,15600.0,105.0,0.006730769230769231
